 0.000000e+0	1.278000e-20
 1.360000e-3	1.830070e-20
 2.720000e-3	1.828840e-20
 4.080000e-3	2.047040e-20
 5.440000e-3	2.276020e-20
 6.800000e-3	2.535110e-20
 8.160000e-3	2.854170e-20
 9.520000e-3	3.151670e-20
 1.088000e-2	3.474800e-20
 1.225000e-2	3.822790e-20
 1.361000e-2	4.197030e-20
 1.497000e-2	4.605920e-20
 1.633000e-2	5.056520e-20
 1.769000e-2	5.555940e-20
 1.905000e-2	6.111400e-20
 2.041000e-2	6.729920e-20
 2.177000e-2	7.417840e-20
 2.313000e-2	8.182110e-20
 2.449000e-2	9.032370e-20
 2.585000e-2	9.980040e-20
 2.721000e-2	1.103960e-19
 2.857000e-2	1.222780e-19
 2.993000e-2	1.356510e-19
 3.129000e-2	1.507460e-19
 3.265000e-2	1.678350e-19
 3.401000e-2	1.872410e-19
 3.537000e-2	2.093360e-19
 3.674000e-2	2.345710e-19
 3.810000e-2	2.634930e-19
 3.946000e-2	2.967720e-19
 4.082000e-2	3.352320e-19
 4.218000e-2	3.798960e-19
 4.354000e-2	4.320400e-19
 4.490000e-2	4.932570e-19
 4.626000e-2	5.655540e-19
 4.762000e-2	6.514680e-19
 4.898000e-2	7.542240e-19
 5.034000e-2	8.779420e-19
 5.170000e-2	1.027900e-18
 5.306000e-2	1.210890e-18
 5.442000e-2	1.435610e-18
 5.578000e-2	1.713100e-18
 5.714000e-2	2.057080e-18
 5.850000e-2	2.483870e-18
 5.987000e-2	3.011190e-18
 6.123000e-2	3.654510e-18
 6.259000e-2	4.418730e-18
 6.395000e-2	5.283250e-18
 6.531000e-2	6.182050e-18
 6.667000e-2	6.991500e-18
 6.803000e-2	7.551470e-18
 6.939000e-2	7.732830e-18
 7.075000e-2	7.511020e-18
 7.211000e-2	6.976100e-18
 7.347000e-2	6.271590e-18
 7.483000e-2	5.525320e-18
 7.619000e-2	4.818680e-18
 7.755000e-2	4.189810e-18
 7.891000e-2	3.648820e-18
 8.027000e-2	3.191400e-18
 8.163000e-2	2.807430e-18
 8.299000e-2	2.485530e-18
 8.436000e-2	2.215050e-18
 8.572000e-2	1.986790e-18
 8.708000e-2	1.793110e-18
 8.844000e-2	1.627790e-18
 8.980000e-2	1.485820e-18
 9.116000e-2	1.363130e-18
 9.252000e-2	1.256490e-18
 9.388000e-2	1.163250e-18
 9.524000e-2	1.081290e-18
 9.660000e-2	1.008860e-18
 9.796000e-2	9.445430e-19
 9.932000e-2	8.871570e-19
 1.006800e-1	8.357340e-19
 1.020400e-1	7.894650e-19
 1.034000e-1	7.476730e-19
 1.047600e-1	7.097900e-19
 1.061200e-1	6.753320e-19
 1.074900e-1	6.438930e-19
 1.088500e-1	6.151210e-19
 1.102100e-1	5.887170e-19
 1.115700e-1	5.644220e-19
 1.129300e-1	5.420140e-19
 1.142900e-1	5.212960e-19
 1.156500e-1	5.020990e-19
 1.170100e-1	4.842730e-19
 1.183700e-1	4.676870e-19
 1.197300e-1	4.522240e-19
 1.210900e-1	4.377820e-19
 1.224500e-1	4.242670e-19
 1.238100e-1	4.116010e-19
 1.251700e-1	3.997080e-19
 1.265300e-1	3.885240e-19
 1.278900e-1	3.779900e-19
 1.292500e-1	3.680540e-19
 1.306100e-1	3.586690e-19
 1.319800e-1	3.497920e-19
 1.333400e-1	3.413860e-19
 1.347000e-1	3.334150e-19
 1.360600e-1	3.258500e-19
 1.496600e-1	2.673080e-19
 1.632700e-1	2.293120e-19
 1.768700e-1	2.028700e-19
 1.904800e-1	1.835470e-19
 2.040900e-1	1.688820e-19
 2.176900e-1	1.574170e-19
 2.313000e-1	1.482340e-19
 2.449000e-1	1.407320e-19
 2.585100e-1	1.344970e-19
 2.721100e-1	1.292440e-19
 2.857200e-1	1.247570e-19
 2.993300e-1	1.208890e-19
 3.129300e-1	1.175170e-19
 3.265400e-1	1.145550e-19
 3.401400e-1	1.119330e-19
 3.537500e-1	1.095970e-19
 3.673500e-1	1.075020e-19
 3.809600e-1	1.056130e-19
 3.945700e-1	1.039010e-19
 4.081700e-1	1.023420e-19
 5.442300e-1	9.200690e-20
 6.802800e-1	8.641640e-20
 8.163400e-1	8.279990e-20
 9.524000e-1	8.019190e-20
 1.088460e+0	7.818140e-20
 1.224510e+0	7.655280e-20
 1.360570e+0	7.519450e-20
 1.496630e+0	7.403150e-20
 1.632680e+0	7.301780e-20
 1.768740e+0	7.211720e-20
 1.904800e+0	7.130350e-20
 2.040850e+0	7.055070e-20
 2.176910e+0	6.983290e-20
 2.312970e+0	6.910590e-20
 2.449030e+0	6.809630e-20
 2.585080e+0	6.688950e-20
 2.721140e+0	6.593390e-20
 2.857200e+0	6.519520e-20
 2.993250e+0	6.462350e-20
 3.129310e+0	6.417760e-20
 3.265370e+0	6.382510e-20
 3.401420e+0	6.353990e-20
 3.537480e+0	6.329460e-20
 3.589180e+0	6.319490e-20
 3.591900e+0	6.319210e-20
 3.605510e+0	6.316120e-20
 3.619120e+0	6.313030e-20
 3.632720e+0	6.309960e-20
 3.646330e+0	6.306930e-20
 3.659930e+0	6.303940e-20
 3.673540e+0	6.300680e-20
 3.809600e+0	6.275300e-20
 3.945650e+0	6.256780e-20
 4.081710e+0	6.243890e-20
 4.217770e+0	6.235430e-20
 4.353820e+0	6.230460e-20
 4.489880e+0	6.228220e-20
 4.625940e+0	6.228110e-20
 4.761990e+0	6.229700e-20
 4.898050e+0	6.232610e-20
 5.034110e+0	6.236570e-20
 5.170170e+0	6.241350e-20
 5.306220e+0	6.246750e-20
 5.442280e+0	6.252630e-20
 5.578340e+0	6.258860e-20
 5.714390e+0	6.265330e-20
 5.850450e+0	6.271950e-20
 5.986510e+0	6.278650e-20
 6.122560e+0	6.285370e-20
 6.258620e+0	6.292030e-20
 6.394680e+0	6.298590e-20
 6.530740e+0	6.305000e-20
 6.666790e+0	6.311240e-20
 6.802850e+0	6.317280e-20
 6.938910e+0	6.323070e-20
 7.074960e+0	6.328610e-20
 7.211020e+0	6.333860e-20
 7.347080e+0	6.338810e-20
 7.483130e+0	6.343440e-20
 7.619190e+0	6.347730e-20
 7.755250e+0	6.351680e-20
 7.891310e+0	6.355270e-20
 8.027360e+0	6.358500e-20
 8.163420e+0	6.361350e-20
 8.299480e+0	6.363830e-20
 8.435530e+0	6.365920e-20
 8.571590e+0	6.367620e-20
 8.707650e+0	6.368930e-20
 8.843700e+0	6.369850e-20
 8.979760e+0	6.370370e-20
 9.115820e+0	6.370490e-20
 9.251880e+0	6.370220e-20
 9.387930e+0	6.369560e-20
 9.523990e+0	6.368500e-20
 9.660050e+0	6.367040e-20
 9.796100e+0	6.365190e-20
 9.932160e+0	6.362960e-20
 1.006820e+1	6.360340e-20
 1.020420e+1	6.357330e-20
 1.034030e+1	6.353950e-20
 1.047630e+1	6.350190e-20
 1.061240e+1	6.346050e-20
 1.074850e+1	6.341550e-20
 1.088450e+1	6.336680e-20
 1.102060e+1	6.331450e-20
 1.115660e+1	6.325870e-20
 1.129270e+1	6.319930e-20
 1.142870e+1	6.313640e-20
 1.156480e+1	6.307000e-20
 1.170090e+1	6.300020e-20
 1.183690e+1	6.292700e-20
 1.197300e+1	6.285040e-20
 1.210900e+1	6.277040e-20
 1.224510e+1	6.268710e-20
 1.238110e+1	6.260040e-20
 1.251720e+1	6.251020e-20
 1.265330e+1	6.241660e-20
 1.278930e+1	6.231950e-20
 1.292540e+1	6.221860e-20
 1.306140e+1	6.211380e-20
 1.319750e+1	6.200460e-20
 1.333350e+1	6.189060e-20
 1.346960e+1	6.177080e-20
 1.360570e+1	6.164370e-20
 1.632680e+1	5.855630e-20
 1.904790e+1	5.447470e-20
 2.176910e+1	4.995060e-20
 2.449020e+1	4.477060e-20
 2.721140e+1	4.209960e-20
 4.081710e+1	3.132810e-20
 5.315860e+1	2.364660e-20
 6.802850e+1	1.823900e-20
 8.163420e+1	1.515370e-20
 9.523990e+1	1.323740e-20
 1.088450e+2	1.156840e-20
 1.224510e+2	1.005950e-20
 1.360570e+2	9.174100e-21
 1.400000e+2	7.922240e-21
 1.500000e+2	7.234500e-21
 1.600000e+2	6.639720e-21
 1.700000e+2	6.121410e-21
 1.800000e+2	5.666750e-21
 1.900000e+2	5.265190e-21
 2.000000e+2	4.908270e-21
 2.500000e+2	3.608010e-21
 3.000000e+2	2.803460e-21
 3.500000e+2	2.257750e-21
 4.000000e+2	1.866010e-21
 4.500000e+2	1.573060e-21
 5.000000e+2	1.346930e-21
 5.500000e+2	1.168310e-21
 6.000000e+2	1.024410e-21
 6.500000e+2	9.065810e-22
 7.000000e+2	8.087220e-22
 7.500000e+2	7.264430e-22
 8.000000e+2	6.565100e-22
 8.500000e+2	5.965320e-22
 9.000000e+2	5.446980e-22
 9.500000e+2	4.995520e-22
 1.000000e+3	4.599730e-22
 1.250000e+3	3.190390e-22
 1.500000e+3	2.356920e-22
 1.750000e+3	1.818570e-22
 2.000000e+3	1.449450e-22
 2.500000e+3	9.879920e-23
 3.000000e+3	7.199980e-23
 3.500000e+3	5.500440e-23
 4.000000e+3	4.351380e-23
 4.500000e+3	3.535790e-23
 5.000000e+3	2.934970e-23
 5.500000e+3	2.478700e-23
 6.000000e+3	2.123700e-23
 6.500000e+3	1.841760e-23
 7.000000e+3	1.613740e-23
 7.500000e+3	1.426670e-23
 8.000000e+3	1.239740e-23
 9.000000e+3	1.003920e-23
 1.000000e+4	8.310200e-24
 1.500000e+4	4.092870e-24
 2.000000e+4	2.437550e-24
 2.500000e+4	1.630790e-24
 3.000000e+4	1.174720e-24
 4.000000e+4	7.010450e-25
 5.000000e+4	4.705960e-25
 6.000000e+4	3.403660e-25
 7.000000e+4	2.591950e-25
 8.000000e+4	2.049730e-25
 9.000000e+4	1.668330e-25
 1.000000e+5	1.389100e-25
 2.000000e+5	4.286010e-26
 5.000000e+5	9.923380e-27
 1.000000e+6	3.437730e-27
 2.000000e+6	1.175150e-27
 5.000000e+6	2.617190e-28
 1.000000e+7	7.854700e-29
 2.000000e+7	2.258690e-29
 5.000000e+7	4.171650e-30
 1.000000e+8	1.140350e-30
 2.000000e+8	3.084620e-31
 5.000000e+8	5.416690e-32
 1.000000e+9	1.443900e-32